0 126 126
1 150 97
2 150 50
3 220 50
4 290 50
5 360 50
6 430 50
7 500 50
8 570 50
9 640 50
10 710 50
11 780 50
12 850 50
13 920 50
14 970 50
15 970 120
16 970 190
17 970 260
18 970 330
19 970 400
20 970 470
21 970 540
22 970 628
23 935 628
24 900 640
25 93 164
26 44 164
27 40 230
28 40 302
29 40 375
30 40 440
31 40 513
32 40 585
33 40 650
34 40 716
35 110 727
36 180 727
37 250 727
38 320 727
39 390 727
40 460 727
41 530 727
42 600 727
43 670 727
44 740 727
45 810 727
46 855 727
47 855 670
48 166 156
49 206 186
50 246 216
51 286 246
52 326 276
53 345 290
54 385 275
55 425 260
56 465 245
57 505 230
58 526 228
59 559 242
60 592 256
61 625 270
62 658 284
63 660 285
64 662 323
65 664 361
66 668 399
67 670 437
68 671 477
69 635 490
70 599 503
71 563 516
72 527 529
73 487 545
74 462 533
75 437 521
76 412 509
77 387 497
78 362 482
79 359 444
80 356 406
81 353 368
82 350 330
83 716 509
84 761 541
85 806 573
86 851 605
connections
0 1
1 2
2 3
3 4
4 5
5 6
6 7
7 8
8 9
9 10
10 11
11 12
12 13
13 14
14 15
15 16
16 17
17 18
18 19
19 20
20 21
21 22
22 23
23 24
0 25
25 26
26 27
27 28
28 29
29 30
30 31
31 32
32 33
33 34
34 35
35 36
36 37
37 38
38 39
39 40
40 41
41 42
42 43
43 44
44 45
45 46
46 47
24 47
0 48
48 49
49 50
50 51
51 52
52 53
53 54
54 55
55 56
56 57
57 58
58 59
59 60
60 61
61 62
62 63
63 64
64 65
65 66
66 67
67 68
68 69
69 70
70 71
71 72 
72 73
73 74
74 75
75 76
76 77
77 78
78 79
79 80
80 81
81 82
82 53
51 24
48 52
52 53
53 51
68 83
83 84
84 85
85 86
86 24
paths
0 1 2 3 4 5 6 7 8 9 10 11 12 13 14 15 16 17 18 19 20 21 22 23 24
0 25 26 27 28 29 30 31 32 33 34 35 36 37 38 39 40 41 42 43 44 45 46 47 24
0 48 49 50 51 53 54 55 56 57 58 59 60 61 62 63 64 65 66 67 68 83 84 85 86 24
0 48 49 50 51 53 82 81 80 79 78 77 76 75 74 73 71 70 69 68 83 84 85 86 24
