0 126 126
1 170 93
2 220 50
3 290 50
4 360 50
5 430 50
6 500 50
7 570 50
8 640 50
9 710 50
10 780 50
11 850 50
12 910 85
13 970 120
14 970 190
15 970 260
16 970 330
17 970 400
18 970 470
19 970 540
20 940 590
21 900 640
22 75 187
23 40 230
24 40 302
25 40 375
26 40 440
27 40 513
28 40 585
29 75 656
30 110 727
31 180 727
32 250 727
33 320 727
34 390 727
35 460 727
36 530 727
37 600 727
38 670 727
39 740 727
40 810 727
41 863 670
42 236 208
43 345 290
44 435 259
45 526 228
46 660 285
47 680 398
48 701 511
49 800 575
50 354 386
51 362 482
52 487 545
53 594 528
54 124 220
55 208 187
56 220 129
57 805 675
58 825 591
59 900 545
connections
0 1
1 2
2 3
3 4
4 5
5 6
6 7
7 8
8 9
9 10
10 11
11 12
12 13
13 14
14 15
15 16
16 17
17 18
18 19
19 20
20 21
0 22
22 23
23 24
24 25
25 26
26 27
27 28
28 29
29 30
30 31
31 32
32 33
33 34
34 35
35 36
36 37
37 38
38 39
39 40
40 41
41 21
0 42
42 43
43 44
44 45
45 46
46 47
47 48
48 49
49 21
43 50
50 51
51 52
52 53
53 48
0 22
23 54
54 55
55 56
2 56
23 54
21 41
41 40
40 57
57 58
58 59
59 19
paths
0	1	2	3	4	5	6	7	8	9	10	11	12	13	14	15	16	17	18	19	20	21
0	22	23	24	25	26	27	28	29	30	31	32	33	34	35	36	37	38	39	40	41	21
0	42	43	44	45	46	47	48	49	21
0	42	43	50	51	52	53	48	49	21
0	22	23	54	55	56	2	1
1	0	22	23	54	55	56	2
21	41	40	57	58	59	19	20
20	21	41	40	57	58	59	19
