0 126  126
1 150  97
2 220  50
3 290  50
4 360  50
5 430  50
6 500  50
7 570  50
8 640  50
9 710  50
10 780  50
11 850  50
12 910  85
13 970  120
14 970  190
15 970  260
16 970  330
17 970  400
18 970  470
19 970  540
20 970  628
21 935  628
22 900  640
23 93  164
24 40  230
25 40  302
26 40  375
27 40  440
28 40  513
29 40  585
30 75  656
31 110  727
32 180  727
33 250  727
34 320  727
35 390  727
36 460  727
37 530  727
38 600  727
39 670  727
40 740  727
41 810  727
42 855  727
43 863  670
44 236  208
45 345  290
46 435  259
47 526  228
48 660  285
49 680  398
50 701  511
51 800  575
52 354  386
53 362  482
54 487  545
55 594  528
connections
0 1
1 2
2 3
3 4
4 5
5 6
6 7
7 8
8 9
9 10
10 11
11 12
12 13
13 14
14 15
15 16
16 17
17 18
18 19
19 20
20 21
21 22
0 23
23 24
24 25
25 26
26 27
27 28
28 29
29 30
30 31
31 32
32 33
33 34
34 35
35 36
36 37
37 38
38 39
39 40
40 41
41 42
42 43
43 22
0 44
44 45
45 46
46 47
47 48
48 49
49 50
50 51
51 22
45 52
52 53
53 54
54 55
55 50
paths
0	1	2	3	4	5	6	7	8	9	10	11	12	13	14	15	16	17	18	19	20	21	22
0	23	24	25	26	27	28	29	30	31	32	33	34	35	36	37	38	39	40	41	42	43	22
0	44	45	46	47	48	49	50	51	22
0	44	45	52	53	54	55	50	51	22
